13

28
1 1 1 1 1 1 1 1 1 1 1 1 1 1 1 1 1 1 1 1 1 1 1 1 1 1 1 1

962
1 1 1 1 1 1 1 1 1 1 1 1 1 1 1 1 1 1 1 1 1 1 1 1 1 1 1 1 1 1 1 1 1 1 1 1 1 1 1 1 1 1 1 1 1 1 1 1 1 1 1 1 1 1 1 1 1 1 1 1 1 1 1 1 1 1 1 1 1 1 1 1 1 1 1 1 1 1 1 1 1 1 1 1 1 1 1 1 1 1 1 1 1 1 1 1 1 1 1 1 1 1 1 1 1 1 1 1 1 1 1 1 1 1 1 1 1 1 1 1 1 1 1 1 1 1 1 1 1 1 1 1 1 1 1 1 1 1 1 1 1 1 1 1 1 1 1 1 1 1 1 1 1 1 1 1 1 1 1 1 1 1 1 1 1 1 1 1 1 1 1 1 1 1 1 1 1 1 1 1 1 1 1 1 1 1 1 1 1 1 1 1 1 1 1 1 1 1 1 1 1 1 1 1 1 1 1 1 1 1 1 1 1 1 1 1 1 1 1 1 1 1 1 1 1 1 1 1 1 1 1 1 1 1 1 1 1 1 1 1 1 1 1 1 1 1 1 1 1 1 1 1 1 1 1 1 1 1 1 1 1 1 1 1 1 1 1 1 1 1 1 1 1 1 1 1 1 1 1 1 1 1 1 1 1 1 1 1 1 1 1 1 1 1 1 1 1 1 1 1 1 1 1 1 1 1 1 1 1 1 1 1 1 1 1 1 1 1 1 1 1 1 1 1 1 1 1 1 1 1 1 1 1 1 1 1 1 1 1 1 1 1 1 1 1 1 1 1 1 1 1 1 1 1 1 1 1 1 1 1 1 1 1 1 1 1 1 1 1 1 1 1 1 1 1 1 1 1 1 1 1 1 1 1 1 1 1 1 1 1 1 1 1 1 1 1 1 1 1 1 1 1 1 1 1 1 1 1 1 1 1 1 1 1 1 1 1 1 1 1 1 1 1 1 1 1 1 1 1 1 1 1 1 1 1 1 1 1 1 1 1 1 1 1 1 1 1 1 1 1 1 1 1 1 1 1 1 1 1 1 1 1 1 1 1 1 1 1 1 1 1 1 1 1 1 1 1 1 1 1 1 1 1 1 1 1 1 1 1 1 1 1 1 1 1 1 1 1 1 1 1 1 1 1 1 1 1 1 1 1 1 1 1 1 1 1 1 1 1 1 1 1 1 1 1 1 1 1 1 1 1 1 1 1 1 1 1 1 1 1 1 1 1 1 1 1 1 1 1 1 1 1 1 1 1 1 1 1 1 1 1 1 1 1 1 1 1 1 1 1 1 1 1 1 1 1 1 1 1 1 1 1 1 1 1 1 1 1 1 1 1 1 1 1 1 1 1 1 1 1 1 1 1 1 1 1 1 1 1 1 1 1 1 1 1 1 1 1 1 1 1 1 1 1 1 1 1 1 1 1 1 1 1 1 1 1 1 1 1 1 1 1 1 1 1 1 1 1 1 1 1 1 1 1 1 1 1 1 1 1 1 1 1 1 1 1 1 1 1 1 1 1 1 1 1 1 1 1 1 1 1 1 1 1 1 1 1 1 1 1 1 1 1 1 1 1 1 1 1 1 1 1 1 1 1 1 1 1 1 1 1 1 1 1 1 1 1 1 1 1 1 1 1 1 1 1 1 1 1 1 1 1 1 1 1 1 1 1 1 1 1 1 1 1 1 1 1 1 1 1 1 1 1 1 1 1 1 1 1 1 1 1 1 1 1 1 1 1 1 1 1 1 1 1 1 1 1 1 1 1 1 1 1 1 1 1 1 1 1 1 1 1 1 1 1 1 1 1 1 1 1 1 1 1 1 1 1 1 1 1 1 1 1 1 1 1 1 1 1 1 1 1 1 1 1 1 1 1 1 1 1 1 1 1 1 1 1 1 1 1 1 1 1 1 1 1 1 1 1 1 1 1 1 1 1 1 1 1 1 1 1 1 1 1 1 1 1 1 1 1 1 1 1 1 1 1 1 1 1 1 1 1 1 1 1 1 1 1 1 1 1 1 1 1 1 1 1 1 1 1 1 1 1 1 1 1 1 1 1 1 1 1 1 1 1 1 1 1 1 1 1 1 1 1 1 1 1 1 1 1 1 1 1 1 1 1 1 1 1 1 1 1 1 1 1 1 1 1 1 1 1 1 1 1 1 1 1 1 1 1 1 1

84
0 0 0 0 0 0 0 0 0 0 0 0 0 0 0 0 0 0 0 0 0 0 0 0 0 0 0 0 0 0 0 0 0 0 0 0 0 0 0 0 0 0 0 0 0 0 0 0 0 0 0 0 0 83 0 1 0 0 0 0 0 0 0 0 0 0 0 0 0 0 0 0 0 0 0 0 0 0 0 0 0 0 0 0

815
0 0 0 0 0 0 0 0 0 0 0 0 0 0 0 0 0 0 0 0 0 0 0 0 0 0 0 0 0 0 0 0 0 0 0 0 0 0 0 0 0 0 0 0 0 0 0 0 0 0 0 0 0 0 0 0 0 0 0 0 0 0 0 0 0 0 0 0 0 0 0 0 0 0 0 0 0 0 0 0 0 0 0 0 0 0 0 0 0 0 0 0 0 0 0 0 0 0 0 0 0 0 0 0 0 0 0 0 0 0 0 0 0 0 0 0 0 0 0 0 0 0 0 0 0 0 0 0 0 0 0 0 0 0 0 0 0 0 0 0 0 0 0 0 0 0 0 0 0 0 0 0 0 0 0 0 0 0 0 0 0 0 0 0 0 0 0 0 0 0 0 0 0 0 0 0 0 0 0 0 0 0 0 0 0 0 0 0 0 0 0 0 0 0 0 0 0 0 0 0 0 0 0 0 0 0 0 0 0 0 0 0 0 0 0 0 0 0 0 0 0 0 0 0 0 0 0 0 0 0 0 0 0 0 0 0 0 0 0 0 0 0 0 0 0 0 0 0 0 0 0 0 0 0 0 0 0 0 0 0 0 0 0 0 0 0 0 0 0 0 0 0 0 0 0 0 0 0 0 0 0 0 0 0 0 0 0 0 0 0 0 0 0 0 0 0 0 0 0 0 0 0 0 0 0 0 0 0 0 0 0 0 0 0 0 0 0 0 0 0 0 0 0 0 0 0 0 0 0 0 0 0 0 0 0 0 0 0 0 0 0 0 0 0 0 0 0 0 0 0 0 0 0 0 0 0 0 0 0 0 0 0 0 0 0 0 0 0 0 0 0 0 0 0 0 0 0 0 0 0 0 0 0 0 0 0 0 0 0 0 0 0 0 0 0 0 0 0 0 0 0 0 0 0 0 0 0 0 0 0 0 0 0 0 0 0 0 0 0 0 0 0 0 0 0 0 0 1 0 0 0 0 0 0 0 0 0 0 0 0 0 0 0 0 0 0 0 0 0 0 0 0 0 0 0 0 0 0 0 0 0 0 0 0 0 0 0 0 0 0 0 0 0 0 0 0 0 0 0 0 0 0 0 0 0 0 0 0 0 0 0 0 0 0 0 0 0 0 0 0 0 0 0 0 0 0 0 0 0 0 0 0 0 0 0 0 0 0 0 0 0 0 0 0 0 0 0 0 0 0 0 0 0 0 0 0 0 0 0 0 0 0 0 0 0 0 0 0 0 0 0 0 0 0 0 0 0 0 0 0 0 0 0 0 0 0 0 0 0 0 0 0 0 0 0 0 0 0 0 0 0 0 0 0 0 0 0 0 0 0 0 0 0 0 0 0 0 0 0 0 0 0 0 0 0 0 0 0 0 0 0 0 0 0 0 0 0 0 0 0 0 0 0 0 0 0 0 0 0 0 0 0 0 0 0 0 0 0 0 0 0 0 0 0 0 0 0 0 0 0 0 0 0 0 0 0 0 0 0 0 0 0 0 0 0 0 0 0 0 0 0 0 0 0 0 0 0 0 0 0 0 0 0 0 0 0 0 0 0 0 0 0 0 0 0 0 0 0 0 0 0 0 814 0 0 0 0 0 0 0 0 0 0 0 0 0 0 0 0 0 0 0 0 0 0 0 0 0 0 0 0 0 0 0 0 0 0 0 0 0 0 0 0 0 0 0 0 0 0 0 0 0 0 0 0 0 0 0 0 0 0 0 0 0 0 0 0 0 0 0 0 0 0 0 0 0 0 0 0 0 0 0 0 0 0 0 0 0 0 0 0 0 0 0 0 0 0 0 0 0 0 0 0 0 0 0 0 0 0 0 0 0 0 0 0

7
2 2 1 1 0 1 0

10
0 3 0 1 0 0 4 1 1 0

21
2 0 0 3 1 0 0 1 0 0 0 5 0 0 0 1 3 2 1 1 1

45
1 1 1 0 1 2 0 2 0 1 0 0 1 0 2 1 0 0 0 2 0 1 3 1 0 2 1 0 0 1 2 2 2 0 2 1 0 1 1 2 2 1 1 2 2

11
1 1 1 1 1 2 1 2 0 1 0

482
1 3 0 1 0 2 1 1 2 0 0 0 1 0 0 2 1 1 1 0 0 0 1 1 1 1 1 1 0 2 0 0 1 1 2 2 2 2 1 2 1 1 0 0 0 0 1 3 1 2 1 0 0 1 1 1 1 2 0 2 0 1 0 0 0 2 0 1 1 1 4 1 0 0 0 2 1 1 2 0 2 2 3 1 0 0 1 0 0 1 0 1 2 1 0 1 4 0 1 1 0 2 2 0 2 1 2 1 2 3 0 0 3 2 0 1 3 1 0 1 2 1 0 1 0 1 2 0 1 0 1 2 0 3 0 0 0 1 0 0 0 0 2 1 3 1 2 1 0 1 3 1 0 1 2 2 0 1 1 1 1 0 0 3 0 2 3 1 1 0 0 0 1 1 1 0 1 2 2 0 0 2 2 0 0 0 2 1 0 0 0 0 1 0 1 1 1 1 1 0 0 2 0 2 1 2 2 0 1 0 1 0 1 0 1 2 3 1 3 1 0 1 0 1 1 1 1 1 1 2 0 1 2 0 1 1 1 0 0 0 0 0 1 1 2 2 1 1 1 2 1 2 2 3 1 0 1 2 2 3 1 0 3 1 1 1 1 1 0 1 2 0 1 0 1 1 1 0 0 4 1 0 3 0 2 0 0 1 1 1 1 1 2 2 0 1 2 0 1 2 1 0 1 0 5 0 0 2 2 1 2 2 1 0 0 0 3 0 0 2 4 1 2 1 3 1 1 1 0 2 0 2 1 2 0 0 2 2 1 0 0 1 0 2 1 0 1 1 2 0 1 3 1 4 1 2 1 3 1 1 0 0 1 2 0 2 0 2 1 1 0 0 1 0 1 0 1 2 1 0 0 1 2 0 1 0 4 1 0 0 0 1 0 3 1 1 0 1 0 0 2 0 0 1 0 1 0 2 2 2 2 0 3 2 1 1 1 1 0 1 0 0 1 0 0 1 1 0 1 0 1 1 1 3 1 0 2 0 1 3 2 2 1 1 1 0 0 1 0 0 0 0 0 1 3 3 0 2 2 2 1 0 1 0 0 1 1 0 1 1 0 2 1 1 2 1 0 0 1 0 1 5

155
1 0 3 0 0 1 0 3 0 0 1 2 2 3 3 0 1 0 2 0 3 1 1 0 2 0 1 0 2 0 2 2 2 1 0 1 2 2 3 0 1 0 1 2 0 0 3 2 0 0 1 1 0 0 0 2 2 1 2 2 1 2 1 0 1 2 0 2 2 2 0 2 1 0 1 1 1 0 1 0 1 1 1 0 1 1 1 0 3 0 1 1 0 0 0 1 2 0 1 1 1 0 1 0 0 3 0 1 1 1 0 0 0 1 0 1 0 3 1 1 2 0 2 0 1 0 2 1 0 1 1 0 0 0 3 2 0 0 0 1 3 0 0 2 3 0 0 1 3 2 1 2 2 1 1

872
1 2 1 1 1 2 0 2 1 1 0 2 3 1 0 2 2 1 1 0 1 0 1 2 0 2 0 0 0 1 1 2 0 1 3 2 3 1 0 3 0 0 0 1 0 0 0 2 1 1 3 0 0 3 2 1 1 1 1 1 0 1 1 1 1 0 1 1 1 2 2 0 3 0 0 3 2 0 0 2 0 0 0 1 0 0 2 2 1 3 3 0 0 3 2 0 0 1 0 1 2 2 1 1 1 0 0 0 3 1 2 0 2 3 1 1 1 2 0 0 0 0 2 0 0 1 1 2 2 2 1 1 0 0 0 2 0 2 2 2 1 0 0 1 2 0 0 0 1 1 1 1 0 1 2 0 1 1 1 0 0 1 0 0 0 2 2 4 1 0 1 1 0 0 1 1 2 2 2 2 0 0 0 2 2 2 1 1 1 1 1 1 1 1 0 1 0 1 0 0 3 1 1 4 0 1 1 2 0 0 2 0 2 0 0 2 0 0 2 0 3 0 1 0 1 2 1 0 2 0 1 2 0 1 1 1 0 1 0 2 2 0 1 5 2 3 0 2 2 0 1 1 3 1 0 4 2 0 3 0 1 1 1 1 1 0 2 2 1 1 1 1 0 0 1 3 0 0 1 1 1 0 0 1 1 3 2 0 1 2 1 2 0 0 1 0 1 1 1 0 0 2 0 2 0 0 0 1 0 0 1 0 1 0 0 0 0 1 2 1 0 3 2 2 1 2 4 1 2 1 1 1 1 1 2 0 1 3 1 3 0 1 2 0 1 1 0 2 0 0 2 0 3 0 0 2 0 2 1 1 1 1 0 2 0 0 1 2 1 0 2 1 0 0 0 2 0 1 2 3 1 1 1 0 2 0 1 2 0 1 2 0 2 2 1 1 0 0 0 1 2 1 1 0 1 1 0 1 0 1 0 0 3 1 0 0 1 2 1 1 2 2 2 3 2 5 0 1 3 1 1 0 0 0 0 2 0 0 0 1 2 2 3 0 0 0 1 0 1 2 1 2 1 0 1 3 2 0 3 2 1 3 0 0 1 0 1 0 1 1 0 0 0 3 2 0 0 0 0 1 0 0 1 1 1 2 0 1 1 1 1 3 1 3 0 0 1 1 1 0 1 0 0 0 0 1 2 4 1 2 0 1 0 0 0 1 0 0 2 0 2 2 0 1 1 0 2 1 2 2 0 0 2 1 1 0 2 1 0 0 1 1 0 0 1 0 2 1 0 0 1 0 3 0 0 1 1 2 2 3 0 0 2 1 0 0 1 2 1 0 1 1 1 2 1 3 0 1 2 0 2 0 1 1 0 0 2 3 0 2 1 0 0 0 2 0 1 1 0 0 1 2 1 3 1 1 0 0 1 0 1 3 0 2 0 0 1 0 1 0 1 0 1 0 0 0 1 1 0 1 1 0 2 2 0 0 2 2 0 0 2 3 0 2 0 1 2 0 2 0 0 2 0 3 0 3 1 2 0 1 1 1 1 2 1 3 0 2 2 0 1 2 1 1 2 0 1 0 1 0 1 1 1 1 1 1 2 1 0 3 3 1 2 1 1 2 2 1 1 0 2 1 1 1 0 1 0 1 1 0 2 3 2 0 0 1 0 1 1 1 2 0 0 2 2 2 0 3 1 0 3 0 1 2 2 2 2 1 0 1 1 2 0 0 1 3 2 0 1 1 1 1 1 0 1 2 1 0 1 0 0 2 2 0 3 2 1 2 2 1 0 1 0 0 3 0 0 0 1 0 1 2 1 3 1 1 2 1 0 1 1 1 0 2 0 1 0 0 1 5 2 2 1 0 1 4 3 1 2 1 2 1 0 4 1 1 0 1 0 0 0 0 0 0 1 1 1 3 0 0 0 3 1 0 1 0 2 0 0 0 1 0 2 0 0 0 0 1 0 2 0 3 0 0 3 1 0 3 1 1 0 1 0 1 0 0 1 0 2 0 0 0

497
2 1 0 0 1 0 0 0 2 1 1 2 2 2 0 0 0 1 2 2 1 0 0 0 2 0 1 0 1 4 1 1 1 1 3 0 0 0 1 1 0 3 0 1 3 1 2 1 1 1 0 3 0 1 1 1 3 0 1 4 4 0 1 0 1 0 1 1 1 1 0 2 2 2 1 1 3 0 1 1 0 1 1 0 0 2 0 2 0 2 1 1 0 1 0 1 2 2 1 0 1 0 3 0 0 1 1 0 0 0 1 1 2 0 0 0 0 0 2 1 0 2 3 3 2 1 1 2 3 0 0 1 1 1 2 1 1 1 1 2 0 0 0 1 0 1 2 0 2 1 3 0 0 3 2 2 0 0 0 2 0 1 1 0 1 3 1 1 1 0 2 0 1 1 0 1 2 3 2 1 2 1 0 1 0 1 0 1 0 0 2 3 2 1 1 0 2 1 1 0 1 0 2 2 2 2 1 1 2 1 2 1 0 2 3 1 1 1 1 2 0 1 1 0 0 1 1 0 1 0 1 2 0 1 1 0 2 0 1 2 0 0 1 1 1 0 1 0 1 3 0 1 2 0 1 1 4 3 2 0 1 3 1 1 2 3 1 1 1 0 0 0 1 0 0 2 1 0 0 0 1 0 2 0 1 1 1 1 4 0 2 1 0 0 0 1 0 0 3 1 2 0 0 1 1 2 1 2 1 1 1 2 3 0 4 0 1 0 1 0 0 1 0 2 2 0 0 2 2 0 1 1 0 2 1 1 2 0 0 0 0 0 1 2 0 0 1 4 1 0 1 1 2 2 1 1 1 0 0 0 1 0 1 1 1 1 1 1 1 1 1 1 3 1 2 0 1 2 1 2 2 2 0 3 1 2 0 0 0 1 0 1 1 0 0 1 0 0 2 2 4 0 0 0 0 1 2 1 0 1 0 4 0 1 1 3 1 2 1 1 1 0 2 2 0 0 3 0 0 0 1 0 0 1 1 2 1 2 0 1 3 0 1 1 3 1 1 1 0 1 2 0 1 1 1 1 3 0 0 0 0 4 1 1 3 0 2 0 1 0 0 0 0 1 0 1 0 0 1 1 0 2 0 1 0 1 0 2 3 0 0 0 3 0 0 0 2
