6

5
8 8 8
5 5 5
4 4 4
10 10 10
10 10 10

10
8 8 8
12 12 12
5 5 5
14 14 14
5 5 5
15 15 15
11 11 11
15 15 15
3 3 3
14 14 14

25
17 32 50
19 5 26
26 10 35
8 28 32
14 29 3
7 24 29
18 19 38
37 36 11
24 25 32
27 9 16
44 45 44
6 26 13
44 10 41
3 50 10
34 27 23
23 20 34
14 31 35
7 25 17
15 50 15
43 11 46
10 22 29
45 19 48
15 28 2
6 16 23
46 6 20

50
68 20 28
71 74 70
59 70 6
83 65 28
3 55 68
51 43 67
44 4 11
86 41 39
19 61 55
77 8 37
98 5 94
72 43 35
48 14 57
61 20 97
62 62 67
60 81 41
54 71 96
18 18 39
30 16 49
44 22 73
58 21 60
17 28 15
62 58 15
18 26 89
33 15 24
81 91 67
86 19 91
88 80 33
29 13 27
11 96 27
10 78 53
77 11 88
7 77 41
81 42 12
29 32 37
69 34 63
11 59 40
50 28 84
49 89 82
75 53 95
31 67 38
35 21 43
11 28 64
19 49 77
65 11 86
12 78 7
55 17 43
56 15 90
61 67 65
81 65 15

75
33 79 80
19 11 73
47 52 37
32 21 22
43 95 98
47 36 100
21 76 61
75 71 45
4 28 60
4 18 43
44 10 42
98 96 86
31 74 82
34 31 9
40 46 8
40 56 28
38 39 67
91 80 10
96 71 23
30 3 58
24 92 24
62 65 21
53 85 99
28 40 96
69 40 97
47 81 55
27 72 29
71 35 8
46 28 37
86 26 17
95 1 35
53 24 34
40 32 58
80 86 50
16 61 87
16 51 90
95 56 34
67 73 95
60 47 71
10 38 24
43 65 2
57 73 19
67 21 34
20 69 69
88 1 26
68 100 42
31 50 82
5 53 16
79 55 15
94 67 31
14 97 60
47 27 46
22 17 37
96 15 72
21 94 45
10 44 38
67 25 52
86 76 15
24 12 75
74 79 4
87 76 91
34 70 49
90 87 34
32 22 49
43 41 72
32 12 23
88 48 63
50 50 79
9 24 3
49 99 88
41 2 75
51 76 65
92 89 73
22 3 75
25 43 10

100
28 94 12
65 100 33
72 21 4
41 2 25
58 53 19
69 19 67
30 67 59
1 51 30
38 18 91
56 41 84
14 14 51
58 31 89
51 90 27
96 97 85
87 96 90
14 95 65
36 75 18
43 77 53
65 59 17
17 14 75
4 1 54
81 60 27
28 60 98
29 12 11
60 19 64
64 48 25
84 41 11
48 27 99
7 67 77
95 31 91
57 39 54
80 62 74
52 34 88
48 57 8
74 69 84
33 18 53
69 84 78
23 77 96
79 59 60
43 90 83
35 3 72
93 52 48
35 20 13
62 22 22
95 62 62
22 65 61
37 55 5
52 88 59
51 90 25
99 67 70
12 71 58
9 28 95
17 58 45
51 31 75
87 80 96
4 58 89
49 85 46
5 90 47
15 13 34
74 8 16
81 47 34
48 15 67
19 7 37
37 92 11
9 8 52
57 43 6
86 61 57
54 63 82
12 60 58
97 88 74
13 90 91
84 47 98
4 43 92
40 19 44
57 36 96
2 52 97
66 65 28
38 38 36
4 14 87
80 14 90
57 50 11
100 51 77
85 39 57
26 29 77
73 64 87
77 76 87
61 3 70
83 63 10
88 85 85
51 27 97
44 77 3
69 55 88
61 71 6
75 72 6
62 8 40
8 95 42
48 45 32
93 10 40
14 34 39
33 76 85
